tvu0015.jpg	liveu	1	235	245	553	435
tvu0033.jpg	liveu	1	239	256	560	448
tvu0037.jpg	liveu	1	242	243	563	447
tvu0045.jpg	liveu	1	238	261	577	450
tvu0050.jpg	liveu	1	225	253	577	472
tvu0071.jpg	liveu	1	238	259	561	449
tvu0101.jpg	liveu	1	245	263	566	450
tvu0132.jpg	liveu	1	242	257	571	462
tvu0188.jpg	liveu	1	249	259	570	458
tvu0226.jpg	liveu	1	227	262	566	454
tvu0355.jpg	liveu	1	244	250	585	450
tvu0356.jpg	liveu	1	247	259	595	444
tvu0564.jpg	liveu	1	266	188	1038	629
tvu0828.jpg	liveu	1	279	177	1025	623
tvu0829.jpg	liveu	1	263	184	998	620
tvu0830.jpg	liveu	1	301	177	1021	627
tvu0831.jpg	liveu	1	293	184	1013	625
tvu0832.jpg	liveu	1	294	197	1008	617
tvu0833.jpg	liveu	1	280	198	1003	626
tvu1324.jpg	liveu	1	243	154	626	339
tvu1325.jpg	liveu	1	239	143	624	339
tvu1326.jpg	liveu	1	253	138	611	352
tvu1327.jpg	liveu	1	257	143	590	343
tvu1328.jpg	liveu	1	266	145	589	367
tvu1329.jpg	liveu	1	231	147	584	353
tvu1330.jpg	liveu	1	260	153	574	358
tvu1331.jpg	liveu	1	252	148	593	361
tvu1332.jpg	liveu	1	262	152	603	343
tvu1333.jpg	liveu	1	262	144	598	357
