tvu1325.jpg,239,143,624,339,0
tvu0132.jpg,242,257,571,462,0
tvu1333.jpg,262,144,598,357,0
tvu0033.jpg,239,256,560,448,0
tvu0828.jpg,279,177,1025,623,0
tvu0045.jpg,238,261,577,450,0
tvu1326.jpg,253,138,611,352,0
tvu0829.jpg,263,184,998,620,0
tvu0830.jpg,301,177,1021,627,0
tvu1327.jpg,257,143,590,343,0
tvu0832.jpg,294,197,1008,617,0
tvu0226.jpg,227,262,566,454,0
tvu0831.jpg,293,184,1013,625,0
tvu0071.jpg,238,259,561,449,0
tvu0833.jpg,280,198,1003,626,0
tvu0101.jpg,245,263,566,450,0
tvu0050.jpg,225,253,577,472,0
tvu0355.jpg,244,250,585,450,0
tvu0356.jpg,247,259,595,444,0
tvu1331.jpg,252,148,593,361,0
tvu0015.jpg,235,245,553,435,0
tvu1328.jpg,266,145,589,367,0
tvu1329.jpg,231,147,584,353,0
